3 206
1 51999 2 2 1 1 1 9.04 9.07
2 52180 2 2 1 1 1 9.06 9.07
3 52332 2 2 1 1 1 9.04 9.07
4 52446 2 2 1 1 1 9.04 9.06
5 61379 2 2 1 1 1 9.05 9.07
6 61536 2 2 1 1 1 9.05 9.08
7 61697 2 2 1 1 1 9.06 9.07
8 62723 2 2 1 1 1 9.04 9.07
9 67630 2 2 1 1 1 9.05 9.04
10 68055 2 2 1 1 1 9.05 9.05
11 68141 2 2 1 1 1 9.06 9.08
12 69030 2 2 1 1 1 9.06 9.07
13 51953 2 3 2 1 2 9.0 9.05
14 52163 2 3 2 1 2 9.01 9.04
15 52319 2 3 2 1 2 9.01 9.07
16 52425 2 3 2 1 2 9.02 9.05
17 61161 2 3 2 1 2 9.01 9.06
18 61273 2 3 2 1 2 9.02 9.06
19 61383 2 3 2 1 2 9.03 9.04
20 61638 2 3 2 1 2 9.02 9.04
21 66603 2 3 2 1 2 9.01 9.03
22 66729 2 3 2 1 2 9.01 9.05
23 67090 2 3 2 1 2 9.01 9.05
24 67257 2 3 2 1 2 9.0 9.04
25 51933 2 3 1 1 3 9.03 9.06
26 52116 2 3 1 1 3 9.03 9.07
27 52262 2 3 1 1 3 9.01 9.06
28 52365 2 3 1 1 3 9.01 9.06
29 60271 2 3 1 1 3 8.99 9.07
30 60376 2 3 1 1 3 9.01 9.07
31 60471 2 3 1 1 3 9.0 9.08
32 60710 2 3 1 1 3 9.0 9.06
33 66362 2 3 1 1 3 9.01 9.08
34 66785 2 3 1 1 3 9.01 9.04
35 66886 2 3 1 1 3 9.0 9.06
36 67156 2 3 1 1 3 9.03 9.07
37 75098 2 2 1 1 1 8.58 8.57
38 75392 2 2 1 1 1 8.57 8.58
39 75539 2 2 1 1 1 8.57 8.58
40 75839 2 2 1 1 1 8.59 8.55
41 83688 2 2 1 1 1 8.57 8.57
42 83837 2 2 1 1 1 8.58 8.57
43 84462 2 2 1 1 1 8.58 8.55
44 84547 2 2 1 1 1 8.56 8.56
45 94063 2 2 1 1 1 8.56 8.58
46 94254 2 2 1 1 1 8.56 8.58
47 94882 2 2 1 1 1 8.57 8.57
48 95316 2 2 1 1 1 8.57 8.58
49 117542 2 2 1 1 1 8.56 8.56
50 123829 2 2 1 1 1 8.57 8.58
51 124008 2 2 1 1 1 8.56 8.57
52 126386 2 2 1 1 1 8.57 8.58
53 149103 2 2 1 1 1 8.57 8.58
54 149195 2 2 1 1 1 8.58 8.57
55 149363 2 2 1 1 1 8.58 8.55
56 149440 2 2 1 1 1 8.58 8.59
57 75279 2 3 2 1 2 8.57 8.58
58 75430 2 3 2 1 2 8.56 8.56
59 75585 2 3 2 1 2 8.57 8.57
60 75910 2 3 2 1 2 8.58 8.58
61 83746 2 3 2 1 2 8.57 8.56
62 83905 2 3 2 1 2 8.56 8.58
63 84239 2 3 2 1 2 8.57 8.57
64 84320 2 3 2 1 2 8.57 8.57
65 94096 2 3 2 1 2 8.56 8.57
66 94244 2 3 2 1 2 8.56 8.57
67 94443 2 3 2 1 2 8.56 8.55
68 94529 2 3 2 1 2 8.57 8.57
69 123872 2 3 2 1 2 8.57 8.58
70 124027 2 3 2 1 2 8.58 8.56
71 124130 2 3 2 1 2 8.56 8.57
72 124216 2 3 2 1 2 8.56 8.57
73 148167 2 3 2 1 2 8.56 8.59
74 148245 2 3 2 1 2 8.56 8.57
75 148327 2 3 2 1 2 8.58 8.57
76 149622 2 3 2 1 2 8.58 8.58
77 75308 2 3 1 1 3 8.58 8.58
78 75461 2 3 1 1 3 8.58 8.57
79 75619 2 3 1 1 3 8.58 8.57
80 75717 2 3 1 1 3 8.57 8.58
81 83785 2 3 1 1 3 8.58 8.58
82 83957 2 3 1 1 3 8.57 8.58
83 84587 2 3 1 1 3 8.57 8.57
84 84901 2 3 1 1 3 8.58 8.57
85 94124 2 3 1 1 3 8.58 8.56
86 94281 2 3 1 1 3 8.58 8.56
87 95217 2 3 1 1 3 8.57 8.56
88 95699 2 3 1 1 3 8.57 8.58
89 98094 2 3 1 1 3 8.57 8.56
90 98350 2 3 1 1 3 8.57 8.58
91 115393 2 3 1 1 3 8.58 8.57
92 123737 2 3 1 1 3 8.57 8.57
93 123895 2 3 1 1 3 8.56 8.57
94 124036 2 3 1 1 3 8.58 8.57
95 150986 2 3 1 1 3 8.57 8.57
96 152018 2 3 1 1 3 8.57 8.58
97 152552 2 3 1 1 3 8.57 8.57
98 153047 2 3 1 1 3 8.57 8.57
99 108706 2 2 1 1 1 3.52 3.51
100 108774 2 2 1 1 1 3.52 3.51
101 108812 2 2 1 1 1 3.52 3.52
102 108845 2 2 1 1 1 3.52 3.51
103 117653 2 2 1 1 1 3.52 3.51
104 117977 2 2 1 1 1 3.51 3.51
105 118204 2 2 1 1 1 3.51 3.51
106 120449 2 2 1 1 1 3.51 3.51
107 123685 2 2 1 1 1 3.51 3.51
108 126716 2 2 1 1 1 3.52 3.52
109 127097 2 2 1 1 1 3.51 3.5
110 129078 2 2 1 1 1 3.51 3.51
111 108711 2 3 2 1 2 3.51 3.51
112 109195 2 3 2 1 2 3.52 3.51
113 109242 2 3 2 1 2 3.51 3.51
114 109289 2 3 2 1 2 3.51 3.52
115 117460 2 3 2 1 2 3.51 3.51
116 117592 2 3 2 1 2 3.52 3.52
117 117673 2 3 2 1 2 3.51 3.52
118 117726 2 3 2 1 2 3.51 3.52
119 127424 2 3 2 1 2 3.51 3.51
120 127456 2 3 2 1 2 3.51 3.51
121 127711 2 3 2 1 2 3.51 3.51
122 127748 2 3 2 1 2 3.51 3.52
123 108702 2 3 1 1 3 3.51 3.52
124 108774 2 3 1 1 3 3.51 3.52
125 108809 2 3 1 1 3 3.52 3.52
126 108841 2 3 1 1 3 3.51 3.51
127 115513 2 3 1 1 3 3.51 3.52
128 115549 2 3 1 1 3 3.51 3.52
129 115584 2 3 1 1 3 3.51 3.51
130 117909 2 3 1 1 3 3.52 3.51
131 122003 2 3 1 1 3 3.5 3.51
132 128643 2 3 1 1 3 3.52 3.51
133 128692 2 3 1 1 3 3.51 3.51
134 128816 2 3 1 1 3 3.5 3.51
135 136032 2 2 1 1 1 5.36 5.36
136 136137 2 2 1 1 1 5.36 5.36
137 136232 2 2 1 1 1 5.36 5.34
138 136282 2 2 1 1 1 5.37 5.36
139 143103 2 2 1 1 1 5.36 5.36
140 143231 2 2 1 1 1 5.35 5.36
141 143283 2 2 1 1 1 5.36 5.36
142 143334 2 2 1 1 1 5.36 5.35
143 152335 2 2 1 1 1 5.35 5.36
144 152413 2 2 1 1 1 5.36 5.36
145 152597 2 2 1 1 1 5.36 5.36
146 152684 2 2 1 1 1 5.36 5.36
147 136039 2 3 2 1 2 5.36 5.36
148 136152 2 3 2 1 2 5.35 5.36
149 136235 2 3 2 1 2 5.35 5.36
150 136292 2 3 2 1 2 5.36 5.35
151 142089 2 3 2 1 2 5.36 5.35
152 142165 2 3 2 1 2 5.36 5.36
153 142278 2 3 2 1 2 5.35 5.35
154 143560 2 3 2 1 2 5.36 5.36
155 152853 2 3 2 1 2 5.35 5.36
156 153083 2 3 2 1 2 5.36 5.35
157 153446 2 3 2 1 2 5.35 5.36
158 153845 2 3 2 1 2 5.36 5.35
159 136022 2 3 1 1 3 5.35 5.36
160 136128 2 3 1 1 3 5.35 5.35
161 136588 2 3 1 1 3 5.36 5.36
162 136646 2 3 1 1 3 5.35 5.36
163 141839 2 3 1 1 3 5.35 5.36
164 143258 2 3 1 1 3 5.36 5.36
165 143368 2 3 1 1 3 5.34 5.35
166 143442 2 3 1 1 3 5.35 5.36
167 153879 2 3 1 1 3 5.36 5.36
168 155129 2 3 1 1 3 5.36 5.36
169 155444 2 3 1 1 3 5.36 5.35
170 156245 2 3 1 1 3 5.36 5.36
171 162557 2 2 1 1 1 5.36 5.35
172 162642 2 2 1 1 1 5.36 5.35
173 162703 2 2 1 1 1 5.36 5.35
174 162752 2 2 1 1 1 5.37 5.36
175 163710 2 2 1 1 1 5.36 5.36
176 163785 2 2 1 1 1 5.36 5.36
177 163892 2 2 1 1 1 5.35 5.36
178 164124 2 2 1 1 1 5.36 5.36
179 164599 2 2 1 1 1 5.36 5.36
180 164674 2 2 1 1 1 5.35 5.37
181 164834 2 2 1 1 1 5.35 5.36
182 165002 2 2 1 1 1 5.37 5.36
183 162577 2 3 2 1 2 5.35 5.35
184 162848 2 3 2 1 2 5.36 5.36
185 162901 2 3 2 1 2 5.37 5.36
186 163023 2 3 2 1 2 5.36 5.36
187 163960 2 3 2 1 2 5.36 5.37
188 164069 2 3 2 1 2 5.36 5.35
189 164193 2 3 2 1 2 5.36 5.35
190 164266 2 3 2 1 2 5.36 5.35
191 164899 2 3 2 1 2 5.36 5.36
192 165061 2 3 2 1 2 5.36 5.36
193 165159 2 3 2 1 2 5.35 5.35
194 165269 2 3 2 1 2 5.35 5.36
195 162639 2 3 1 1 3 5.35 5.36
196 162689 2 3 1 1 3 5.36 5.35
197 162739 2 3 1 1 3 5.36 5.37
198 162794 2 3 1 1 3 5.35 5.36
199 163892 2 3 1 1 3 5.36 5.36
200 164156 2 3 1 1 3 5.36 5.36
201 164265 2 3 1 1 3 5.36 5.37
202 164387 2 3 1 1 3 5.36 5.36
203 164906 2 3 1 1 3 5.36 5.35
204 165002 2 3 1 1 3 5.35 5.36
205 165151 2 3 1 1 3 5.35 5.36
206 165313 2 3 1 1 3 5.35 5.36
