3 180
1 45317 2 2 3 1 1 9.07 9.07
2 45317 2 2 3 1 1 9.07 9.07
3 45317 2 2 3 1 1 9.07 9.07
4 45317 2 2 3 1 1 9.07 9.07
5 45317 2 1 3 1 2 9.07 9.07
6 45317 2 1 3 1 2 9.07 9.07
7 45317 2 1 3 1 2 9.07 9.07
8 45317 2 1 3 1 2 9.07 9.07
9 45317 2 1 2 1 3 9.07 9.07
10 45317 2 1 2 1 3 9.07 9.07
11 45317 2 1 2 1 3 9.07 9.07
12 45317 2 1 2 1 3 9.07 9.07
13 56050 2 2 3 1 1 9.07 9.07
14 56050 2 2 3 1 1 9.07 9.07
15 56050 2 2 3 1 1 9.07 9.07
16 56050 2 2 3 1 1 9.07 9.07
17 56050 2 1 3 1 2 9.07 9.07
18 56050 2 1 3 1 2 9.07 9.07
19 56050 2 1 3 1 2 9.07 9.07
20 56050 2 1 3 1 2 9.07 9.07
21 56050 2 1 2 1 3 9.07 9.07
22 56050 2 1 2 1 3 9.07 9.07
23 56050 2 1 2 1 3 9.07 9.07
24 56050 2 1 2 1 3 9.07 9.07
25 64534 2 2 3 1 1 9.07 9.07
26 64534 2 2 3 1 1 9.07 9.07
27 64534 2 2 3 1 1 9.07 9.07
28 64534 2 2 3 1 1 9.07 9.07
29 64534 2 1 3 1 2 9.07 9.07
30 64534 2 1 3 1 2 9.07 9.07
31 64534 2 1 3 1 2 9.07 9.07
32 64534 2 1 3 1 2 9.07 9.07
33 64534 2 1 2 1 3 9.07 9.07
34 64534 2 1 2 1 3 9.07 9.07
35 64534 2 1 2 1 3 9.07 9.07
36 64534 2 1 2 1 3 9.07 9.07
37 73018 2 2 3 1 1 8.61 8.61
38 73018 2 2 3 1 1 8.61 8.61
39 73018 2 2 3 1 1 8.61 8.61
40 73018 2 2 3 1 1 8.61 8.61
41 73018 2 1 3 1 2 8.61 8.61
42 73018 2 1 3 1 2 8.61 8.61
43 73018 2 1 3 1 2 8.61 8.61
44 73018 2 1 3 1 2 8.61 8.61
45 73018 2 1 2 1 3 8.61 8.61
46 73018 2 1 2 1 3 8.61 8.61
47 73018 2 1 2 1 3 8.61 8.61
48 73018 2 1 2 1 3 8.61 8.61
49 84240 2 2 3 1 1 8.61 8.61
50 84240 2 2 3 1 1 8.61 8.61
51 84240 2 2 3 1 1 8.61 8.61
52 84240 2 2 3 1 1 8.61 8.61
53 84240 2 1 3 1 2 8.61 8.61
54 84240 2 1 3 1 2 8.61 8.61
55 84240 2 1 3 1 2 8.61 8.61
56 84240 2 1 3 1 2 8.61 8.61
57 84240 2 1 2 1 3 8.61 8.61
58 84240 2 1 2 1 3 8.61 8.61
59 84240 2 1 2 1 3 8.61 8.61
60 84240 2 1 2 1 3 8.61 8.61
61 97195 2 2 3 1 1 8.61 8.61
62 97195 2 2 3 1 1 8.61 8.61
63 97195 2 2 3 1 1 8.61 8.61
64 97195 2 2 3 1 1 8.61 8.61
65 97195 2 1 3 1 2 8.61 8.61
66 97195 2 1 3 1 2 8.61 8.61
67 97195 2 1 3 1 2 8.61 8.61
68 97195 2 1 3 1 2 8.61 8.61
69 97195 2 1 2 1 3 8.61 8.61
70 97195 2 1 2 1 3 8.61 8.61
71 97195 2 1 2 1 3 17.23 17.23
72 97195 2 1 2 1 3 17.23 17.23
73 110150 2 2 3 1 1 3.65 3.65
74 110150 2 2 3 1 1 3.65 3.65
75 110150 2 2 3 1 1 3.65 3.65
76 110150 2 2 3 1 1 3.65 3.65
77 110150 2 1 3 1 2 3.65 3.65
78 110150 2 1 3 1 2 3.65 3.65
79 110150 2 1 3 1 2 3.65 3.65
80 110150 2 1 3 1 2 3.65 3.65
81 110150 2 1 2 1 3 3.65 3.65
82 110150 2 1 2 1 3 3.65 3.65
83 110150 2 1 2 1 3 3.65 3.65
84 110150 2 1 2 1 3 3.65 3.65
85 117813 2 2 3 1 1 3.65 3.65
86 117813 2 2 3 1 1 3.65 3.65
87 117813 2 2 3 1 1 3.65 3.65
88 117813 2 2 3 1 1 3.65 3.65
89 117813 2 1 3 1 2 3.65 3.65
90 117813 2 1 3 1 2 3.65 3.65
91 117813 2 1 3 1 2 3.65 3.65
92 117813 2 1 3 1 2 3.65 3.65
93 117813 2 1 2 1 3 3.65 3.65
94 117813 2 1 2 1 3 3.65 3.65
95 117813 2 1 2 1 3 3.65 3.65
96 117813 2 1 2 1 3 3.65 3.65
97 128106 2 2 3 1 1 3.65 3.65
98 128106 2 2 3 1 1 3.65 3.65
99 128106 2 2 3 1 1 3.65 3.65
100 128106 2 2 3 1 1 12.09 12.09
101 128106 2 1 3 1 2 12.09 12.09
102 128106 2 1 3 1 2 12.09 12.09
103 128106 2 1 3 1 2 12.09 12.09
104 128106 2 1 3 1 2 12.09 12.09
105 128106 2 1 2 1 3 12.09 12.09
106 128106 2 1 2 1 3 12.09 12.09
107 128106 2 1 2 1 3 12.09 12.09
108 128106 2 1 2 1 3 12.09 12.09
109 138399 2 2 3 1 1 5.37 5.37
110 138399 2 2 3 1 1 5.37 5.37
111 138399 2 2 3 1 1 5.37 5.37
112 138399 2 2 3 1 1 5.37 5.37
113 138399 2 1 3 1 2 5.37 5.37
114 138399 2 1 3 1 2 5.37 5.37
115 138399 2 1 3 1 2 5.37 5.37
116 138399 2 1 3 1 2 5.37 5.37
117 138399 2 1 2 1 3 5.37 5.37
118 138399 2 1 2 1 3 5.37 5.37
119 138399 2 1 2 1 3 5.37 5.37
120 138399 2 1 2 1 3 5.37 5.37
121 145735 2 2 3 1 1 5.37 5.37
122 145735 2 2 3 1 1 5.37 5.37
123 145735 2 2 3 1 1 5.37 5.37
124 145735 2 2 3 1 1 5.37 5.37
125 145735 2 1 3 1 2 5.37 5.37
126 145735 2 1 3 1 2 5.37 5.37
127 145735 2 1 3 1 2 5.37 5.37
128 145735 2 1 3 1 2 5.37 5.37
129 145735 2 1 2 1 3 5.37 5.37
130 145735 2 1 2 1 3 5.37 5.37
131 145735 2 1 2 1 3 5.37 5.37
132 145735 2 1 2 1 3 5.37 5.37
133 156166 2 2 3 1 1 5.37 5.37
134 156166 2 2 3 1 1 5.37 5.37
135 156166 2 2 3 1 1 13.6 13.6
136 156166 2 2 3 1 1 13.6 13.6
137 156166 2 1 3 1 2 13.6 13.6
138 156166 2 1 3 1 2 13.6 13.6
139 156166 2 1 3 1 2 13.6 13.6
140 156166 2 1 3 1 2 13.6 13.6
141 156166 2 1 2 1 3 13.6 13.6
142 156166 2 1 2 1 3 13.6 13.6
143 156166 2 1 2 1 3 13.6 13.6
144 156166 2 1 2 1 3 13.6 13.6
145 166597 2 2 3 1 1 5.42 5.42
146 166597 2 2 3 1 1 5.42 5.42
147 166597 2 2 3 1 1 5.42 5.42
148 166597 2 2 3 1 1 5.42 5.42
149 166597 2 1 3 1 2 5.42 5.42
150 166597 2 1 3 1 2 5.42 5.42
151 166597 2 1 3 1 2 5.42 5.42
152 166597 2 1 3 1 2 5.42 5.42
153 166597 2 1 2 1 3 5.42 5.42
154 166597 2 1 2 1 3 5.42 5.42
155 166597 2 1 2 1 3 5.42 5.42
156 166597 2 1 2 1 3 5.42 5.42
157 167969 2 2 3 1 1 5.42 5.42
158 167969 2 2 3 1 1 5.42 5.42
159 167969 2 2 3 1 1 5.42 5.42
160 167969 2 2 3 1 1 5.42 5.42
161 167969 2 1 3 1 2 5.42 5.42
162 167969 2 1 3 1 2 5.42 5.42
163 167969 2 1 3 1 2 5.42 5.42
164 167969 2 1 3 1 2 5.42 5.42
165 167969 2 1 2 1 3 5.42 5.42
166 167969 2 1 2 1 3 5.42 5.42
167 167969 2 1 2 1 3 5.42 5.42
168 167969 2 1 2 1 3 5.42 5.42
169 168955 2 2 3 1 1 5.42 5.42
170 168955 2 2 3 1 1 5.42 5.42
171 168955 2 2 3 1 1 5.42 5.42
172 168955 2 2 3 1 1 5.42 5.42
173 168955 2 1 3 1 2 5.42 5.42
174 168955 2 1 3 1 2 5.42 5.42
175 168955 2 1 3 1 2 5.42 5.42
176 168955 2 1 3 1 2 5.42 5.42
177 168955 2 1 2 1 3 5.42 5.42
178 168955 2 1 2 1 3 5.42 5.42
179 168955 2 1 2 1 3 5.42 5.42
180 168955 2 1 2 1 3 5.42 5.42
