3 60
1 11999 2 2 3 1 1 6.17 6.17
2 11999 2 2 3 1 1 6.17 6.17
3 11999 2 2 3 1 1 6.17 6.17
4 11999 2 2 3 1 1 6.17 6.17
5 11999 2 1 3 1 2 6.17 6.17
6 11999 2 1 3 1 2 6.17 6.17
7 11999 2 1 3 1 2 6.17 6.17
8 11999 2 1 3 1 2 6.17 6.17
9 11999 2 1 2 1 3 6.17 6.17
10 11999 2 1 2 1 3 6.17 6.17
11 11999 2 1 2 1 3 6.17 6.17
12 11999 2 1 2 1 3 6.17 6.17
13 18819 2 2 3 1 1 5.86 5.86
14 18819 2 2 3 1 1 5.86 5.86
15 18819 2 2 3 1 1 5.86 5.86
16 18819 2 2 3 1 1 5.86 5.86
17 18819 2 1 3 1 2 5.86 5.86
18 18819 2 1 3 1 2 5.86 5.86
19 18819 2 1 3 1 2 5.86 5.86
20 18819 2 1 3 1 2 5.86 5.86
21 18819 2 1 2 1 3 5.86 5.86
22 18819 2 1 2 1 3 5.86 5.86
23 18819 2 1 2 1 3 5.86 5.86
24 18819 2 1 2 1 3 5.86 5.86
25 25791 2 2 3 1 1 2.48 2.48
26 25791 2 2 3 1 1 2.48 2.48
27 25791 2 2 3 1 1 2.48 2.48
28 25791 2 2 3 1 1 2.48 2.48
29 25791 2 1 3 1 2 2.48 2.48
30 25791 2 1 3 1 2 2.48 2.48
31 25791 2 1 3 1 2 2.48 2.48
32 25791 2 1 3 1 2 2.48 2.48
33 25791 2 1 2 1 3 2.48 2.48
34 25791 2 1 2 1 3 2.48 2.48
35 25791 2 1 2 1 3 2.48 2.48
36 25791 2 1 2 1 3 2.48 2.48
37 30601 2 2 3 1 1 3.66 3.66
38 30601 2 2 3 1 1 3.66 3.66
39 30601 2 2 3 1 1 3.66 3.66
40 30601 2 2 3 1 1 3.66 3.66
41 30601 2 1 3 1 2 3.66 3.66
42 30601 2 1 3 1 2 3.66 3.66
43 30601 2 1 3 1 2 3.66 3.66
44 30601 2 1 3 1 2 3.66 3.66
45 30601 2 1 2 1 3 3.66 3.66
46 30601 2 1 2 1 3 3.66 3.66
47 30601 2 1 2 1 3 3.66 3.66
48 30601 2 1 2 1 3 3.66 3.66
49 35211 2 2 3 1 1 3.69 3.69
50 35211 2 2 3 1 1 3.69 3.69
51 35211 2 2 3 1 1 3.69 3.69
52 35211 2 2 3 1 1 3.69 3.69
53 35211 2 1 3 1 2 3.69 3.69
54 35211 2 1 3 1 2 3.69 3.69
55 35211 2 1 3 1 2 3.69 3.69
56 35211 2 1 3 1 2 3.69 3.69
57 35211 2 1 2 1 3 3.69 3.69
58 35211 2 1 2 1 3 3.69 3.69
59 35211 2 1 2 1 3 3.69 3.69
60 35211 2 1 2 1 3 3.69 3.69
