3 60
1 14285 2 3 1 1 1 6.46 6.39
2 14405 2 3 1 1 1 6.45 6.42
3 14505 2 3 1 1 1 6.44 6.4
4 14677 2 3 1 1 1 6.46 6.41
5 14224 2 3 2 1 2 6.44 6.42
6 14354 2 3 2 1 2 6.46 6.4
7 14453 2 3 2 1 2 6.44 6.41
8 14550 2 3 2 1 2 6.45 6.41
9 14167 2 2 1 1 3 6.41 6.41
10 14317 2 2 1 1 3 6.4 6.39
11 14441 2 2 1 1 3 6.41 6.38
12 14525 2 2 1 1 3 6.4 6.41
13 19172 2 3 1 1 1 5.87 5.86
14 20093 2 3 1 1 1 5.87 5.87
15 20151 2 3 1 1 1 5.86 5.88
16 20222 2 3 1 1 1 5.88 5.88
17 19115 2 3 2 1 2 5.88 5.88
18 19317 2 3 2 1 2 5.86 5.87
19 19430 2 3 2 1 2 5.88 5.87
20 19512 2 3 2 1 2 5.88 5.88
21 19157 2 2 1 1 3 5.87 5.88
22 19220 2 2 1 1 3 5.88 5.87
23 19312 2 2 1 1 3 5.86 5.87
24 19409 2 2 1 1 3 5.87 5.88
25 26824 2 3 1 1 1 1.61 1.61
26 26872 2 3 1 1 1 1.61 1.61
27 26905 2 3 1 1 1 1.61 1.61
28 26955 2 3 1 1 1 1.61 1.61
29 26830 2 3 2 1 2 1.61 1.61
30 26866 2 3 2 1 2 1.61 1.61
31 26891 2 3 2 1 2 1.61 1.61
32 26909 2 3 2 1 2 1.61 1.61
33 26828 2 2 1 1 3 1.61 1.61
34 26865 2 2 1 1 3 1.61 1.61
35 26897 2 2 1 1 3 1.61 1.61
36 26924 2 2 1 1 3 1.61 1.61
37 29844 2 3 1 1 1 1.99 1.99
38 29914 2 3 1 1 1 1.99 1.99
39 30000 2 3 1 1 1 1.99 1.99
40 30094 2 3 1 1 1 1.99 1.99
41 29820 2 3 2 1 2 1.99 1.99
42 29946 2 3 2 1 2 1.99 1.99
43 29981 2 3 2 1 2 1.99 1.99
44 30066 2 3 2 1 2 1.99 1.99
45 29837 2 2 1 1 3 1.99 1.99
46 29966 2 2 1 1 3 1.99 1.99
47 29993 2 2 1 1 3 1.99 1.99
48 30029 2 2 1 1 3 1.99 1.99
49 32743 2 3 1 1 1 1.99 1.99
50 32779 2 3 1 1 1 1.99 1.99
51 32881 2 3 1 1 1 1.99 1.99
52 32928 2 3 1 1 1 1.99 1.99
53 32811 2 3 2 1 2 1.99 1.99
54 32856 2 3 2 1 2 1.99 1.99
55 32893 2 3 2 1 2 1.99 1.99
56 32941 2 3 2 1 2 1.99 1.99
57 32789 2 2 1 1 3 1.99 1.99
58 32830 2 2 1 1 3 1.99 1.99
59 32860 2 2 1 1 3 1.99 1.99
60 32888 2 2 1 1 3 1.99 1.99
